-0.000000000000000000e+00
1.993092069628768590e-03
7.889795117752276474e-03
1.744612706944458080e-02
3.026775488842397069e-02
4.582790099010135981e-02
6.349124534303715595e-02
8.253552260630135640e-02
1.021945484803618021e-01
1.216794347194628118e-01
1.402129702263488209e-01
1.570693894721640893e-01
1.715949028436737633e-01
1.832353137636104357e-01
1.915567727545157140e-01
1.962614419725980108e-01
1.971976409714235601e-01
1.943642976396893485e-01
1.879095935163123121e-01
1.781237528487219779e-01
1.654267880977544070e-01
1.503511734734841176e-01
1.335175719961429475e-01
1.155997922960489005e-01
9.733287865602588407e-02
7.944188010805826317e-02
6.263965586121815476e-02
4.758081334116874561e-02
3.484258582862476833e-02
2.490013104180777495e-02
1.810755896386958413e-02
1.468466651909204959e-02
1.470960536957052756e-02
1.811758274941209154e-02
2.470539991211677736e-02
3.414403105944790323e-02
4.599432587171994880e-02
5.972861186319210897e-02
7.475499015094919097e-02
9.044353756122681942e-02
1.061535576480157894e-01
1.212603621998971093e-01
1.351857831598564375e-01
1.474084189710643533e-01
1.574923724283434079e-01
1.650987591486138550e-01
1.699979829487686944e-01
1.720762893655112258e-01
1.713031975880230651e-01
1.678172767578983149e-01
1.618257435511899212e-01
1.536222657338111308e-01
1.436060629514668563e-01
1.322271824426783371e-01
1.199778735567745419e-01
1.073699358762556372e-01
9.491356279136910212e-02
8.309808876176441594e-02
7.237143261225524593e-02
6.312869343019779367e-02
5.569220834482765947e-02
5.029767157035830438e-02
4.709030225894111910e-02
4.612097358588423263e-02
4.734697514014357678e-02
5.063833281642216716e-02
5.578586523281743592e-02
6.251278568760219867e-02
7.048559838666222654e-02
7.933796291135784828e-02
8.868089516434246589e-02
9.812202769737593533e-02
1.072813674129122208e-01
1.158053720923522545e-01
1.233819788512956345e-01
1.297540981034337459e-01
1.347185976194843759e-01
1.381268586561861245e-01
1.399232898181433926e-01
1.401045754448770053e-01
1.387331225665959233e-01
1.359341223716966918e-01
1.318845340745436467e-01
1.268037627539352896e-01
1.209421115467989305e-01
1.145681581871204752e-01
1.079638473911197910e-01
1.014044257744649707e-01
9.515142793549043188e-02
8.944199129448031360e-02
8.448102502511146972e-02
8.043232691127649714e-02
7.741394008926788528e-02
7.549912122959254179e-02
7.471084679543460449e-02
7.502399466141890239e-02
7.636790722409564358e-02
7.863368101163367707e-02
8.168390601991480648e-02
8.535844331312333888e-02
8.948029515996334948e-02
9.386383850779110583e-02
9.832400884981899736e-02
1.026852850713484283e-01
1.067876702273642259e-01
1.104886169483827868e-01
1.136595975056624019e-01
1.161812953593908404e-01
1.179564695862842932e-01
1.189452585314818150e-01
1.191598505824889992e-01
1.186392905951419580e-01
1.174460932274098979e-01
1.156640510676291977e-01
1.133949335644934275e-01
1.107545771956397612e-01
1.078681716936420593e-01
1.048663490633102019e-01
1.018812887229596786e-01
9.903944251574213486e-02
9.645584301517187709e-02
9.423103159794998795e-02
9.244547151391059592e-02
9.115462674436018709e-02
9.038812263843258588e-02
9.014935337173991814e-02
9.041093408547898336e-02
9.111668937045828975e-02
9.220851112717028120e-02
9.363979408772289681e-02
9.535781555691098810e-02
9.729718578259016759e-02
9.938732402400339561e-02
1.015587575911196111e-01
1.037428634471038169e-01
1.058574788529374894e-01
1.077850180945256614e-01
1.094063316027433092e-01
1.106565775651645323e-01
1.115130620701302727e-01
1.119683975906901885e-01
