-0.000000000000000000e+00
7.827168614674700695e-03
2.979103683845990905e-02
6.200876497444164637e-02
9.908617515459722247e-02
1.350832649525267048e-01
1.643898757619618456e-01
1.825243015356041720e-01
1.870017097386442728e-01
1.776740661288274958e-01
1.564422752528981386e-01
1.269891712006572526e-01
9.416685643258519700e-02
6.315058809742295221e-02
3.851065472800455081e-02
2.386363095329523815e-02
2.085507671651879932e-02
2.923874860392163336e-02
4.708849672434273215e-02
7.103783853619656530e-02
9.682135747051694163e-02
1.202987876108149445e-01
1.379701615813236637e-01
1.475021782419927430e-01
1.479770429843979274e-01
1.399262762703060714e-01
1.251808146564893642e-01
1.060383352139108587e-01
8.597311573309544819e-02
6.814451547539038256e-02
5.505466179501519730e-02
4.827058193037947476e-02
4.827108461521008309e-02
5.444015188619562295e-02
6.515290166978583708e-02
7.834740248323791845e-02
9.172628422880260701e-02
1.031347562283653346e-01
1.109725483606275875e-01
1.143644112010576419e-01
1.130716700869620478e-01
1.076523322715686876e-01
9.935932030229048528e-02
8.973123008665420675e-02
8.033078793190240319e-02
7.250043093719246712e-02
6.722863400750615781e-02
6.498179003502078943e-02
6.573829581888085416e-02
6.901103569894551093e-02
7.395564436721954737e-02
7.955117635085735828e-02
8.476570956431360437e-02
8.883188470882923127e-02
9.116627663801966930e-02
9.150164301205856998e-02
8.995345347232623634e-02
8.692631015733474908e-02
8.299903422963278432e-02
7.879736382947029327e-02
7.494071663418402918e-02
7.194786533894058367e-02
7.012382519723862895e-02
6.956990945507235402e-02
7.012229573499310920e-02
7.155283412310872726e-02
7.353175538042612536e-02
7.564958477621563926e-02
7.742446973349668971e-02
7.853754986682397188e-02
7.888685403192645385e-02
