0.000000000000000000e+00
7.890017651228634424e-03
3.026936521829251200e-02
6.349236016070375355e-02
1.022213644902151136e-01
1.403461173227667225e-01
1.716863891568158884e-01
1.908259897770409330e-01
1.949271361773348699e-01
1.869486395017133651e-01
1.647096687278267468e-01
1.330468294536584495e-01
9.706643708332138298e-02
6.266772018587095372e-02
3.535343374154228252e-02
1.913833986516121771e-02
1.588918826111050328e-02
2.570295831639846096e-02
4.682800344539980730e-02
7.555808500311445020e-02
1.065861759559292299e-01
1.352642897431484692e-01
1.575083393665324127e-01
1.701091677775702915e-01
1.718667751219584705e-01
1.629123596870103441e-01
1.454354005565863805e-01
1.219307400825882098e-01
9.722832134488187950e-02
7.545972953282899243e-02
5.948248471749752880e-02
5.132560806102350048e-02
5.178741995707153434e-02
6.028593235087850027e-02
7.481042457643105603e-02
9.292168738748182721e-02
1.114372285372828425e-01
1.273606148472493094e-01
1.387264058491323726e-01
1.441939760408009474e-01
1.432224171777438382e-01
1.365388462962310867e-01
1.257845351935879263e-01
1.130738519206500592e-01
1.006290061690167104e-01
9.029685035790163683e-02
8.349291117896393000e-02
8.090665006172106932e-02
8.263364947035313490e-02
8.802717995948922125e-02
9.575487331288264070e-02
1.043713852163213884e-01
1.123719669710124547e-01
1.187855668642540108e-01
1.227357621707759472e-01
1.237141746644666307e-01
1.219037193321554496e-01
1.179421430708271212e-01
1.126677817693728795e-01
1.069366597605639763e-01
1.016930838357674449e-01
9.776317944001430837e-02
9.563463711361300246e-02
9.547128441659405440e-02
9.694232919482694000e-02
9.977117625181350369e-02
1.035158263803989814e-01
1.075192552670083401e-01
1.108628936110844371e-01
1.130560660104463488e-01
1.140771792419218167e-01
