-0.000000000000000000e+00
7.852264504293963651e-03
2.998172401783101224e-02
6.260040594680474357e-02
1.003319777793019868e-01
1.371671572358700852e-01
1.674642147625355626e-01
1.867836692803346577e-01
1.924546913565149120e-01
1.838741878245828965e-01
1.619622440241015870e-01
1.311557036766505258e-01
9.663300242538992724e-02
6.383904197146970938e-02
3.762735953937190736e-02
2.187754099502080621e-02
1.869725347274870872e-02
2.795718415325638279e-02
4.749887264396365771e-02
7.366931869690070134e-02
1.019799615937286852e-01
1.279858908062699863e-01
1.478919646764121354e-01
1.589363127863795688e-01
1.597114322323665014e-01
1.508960565575940271e-01
1.347048847598963928e-01
1.138515423529263132e-01
9.156919706476970844e-02
7.152950386815967732e-02
5.685877329327641144e-02
4.940517734845187303e-02
4.946785561710267953e-02
5.675955745124072055e-02
6.957015676871167176e-02
8.547394951243256211e-02
1.017969285935671486e-01
1.156826808964747655e-01
1.249680948178658602e-01
1.291412904885103907e-01
1.283391860310372223e-01
1.228076854794602907e-01
1.135566701168931603e-01
1.026210254446356940e-01
9.179750449839955972e-02
8.272130774562812261e-02
7.644807110037592224e-02
7.364406490129493665e-02
7.457734367093771244e-02
7.877723808517381188e-02
8.528157909239221512e-02
9.235966923975540144e-02
9.896903595252520836e-02
1.042034013551629001e-01
1.074835315479706205e-01
1.088284612498038595e-01
1.075813872013112460e-01
1.044495965031185941e-01
1.000551903165588508e-01
9.541114091237812289e-02
9.122293269042042185e-02
8.795486967672928869e-02
8.614909446163268592e-02
8.596354654370419457e-02
8.723909689914166599e-02
8.923497514820946663e-02
9.185553890496885032e-02
9.476605430346644876e-02
9.750162165455271424e-02
9.978273011767341272e-02
1.009895105197262666e-01
