0.000000000000000000e+00
7.890164769499522987e-03
3.026942732767491304e-02
6.349442854793846402e-02
1.022241012362979512e-01
1.403532326235090166e-01
1.717176353866562699e-01
1.909474959674510031e-01
1.952275683509841764e-01
1.864270119191556996e-01
1.640767016849112303e-01
1.327022074678803065e-01
9.739006666358347719e-02
6.283548861739483848e-02
3.521960266030396691e-02
1.856764913674481890e-02
1.530030252656193815e-02
2.525607784397045780e-02
4.627994485906586353e-02
7.451718477321996048e-02
1.049343322769785702e-01
1.328674734337982888e-01
1.543722077017126160e-01
1.665687343665761821e-01
1.678055127564697102e-01
1.585848805845416765e-01
1.413795998522089370e-01
1.180345292592040324e-01
9.282352153671799555e-02
7.052575630666205186e-02
5.455096989197325691e-02
4.660486019922505108e-02
4.708410980839858317e-02
5.558735720343476600e-02
7.004626557584175961e-02
8.775357060869723447e-02
1.061980917585502171e-01
1.222989335081413609e-01
1.335607579004904344e-01
1.391685952169304519e-01
1.379750748424703466e-01
1.308757690164016330e-01
1.198539018786052013e-01
1.073953163975532865e-01
9.527401218707874653e-02
8.520891881598284534e-02
7.838743327914367287e-02
7.563408081866740407e-02
7.727028611159261762e-02
8.213863767068424471e-02
8.986172553145956032e-02
9.903835868161507683e-02
1.079068358770686742e-01
1.152809387305086253e-01
1.187485361701422354e-01
1.196392383337887833e-01
1.179734038690291309e-01
1.139864132325587726e-01
1.084436321337400866e-01
1.023099876898736493e-01
9.676056355186674063e-02
9.256728694407702351e-02
9.046027353065946852e-02
9.002319037297884519e-02
9.158979049860349608e-02
9.412982529082028482e-02
9.747071364177940789e-02
1.014435133323566135e-01
1.047462807272905722e-01
1.069083423063025839e-01
1.087175772298027976e-01
