0.000000000000000000e+00
7.892867986983784223e-03
3.026473262508463935e-02
6.351860681337068160e-02
1.022109672790978419e-01
1.403355391026434029e-01
1.711080364736429216e-01
1.847380782794106890e-01
1.949029474627004266e-01
1.907434991604657348e-01
1.670021269417033549e-01
1.332126869287781901e-01
9.479535005102540657e-02
5.853301630281609880e-02
3.081764950203116915e-02
1.518553141632131287e-02
1.200958860491500857e-02
2.237618282750394871e-02
4.471067618786295217e-02
7.432998142189213564e-02
1.056736049872111782e-01
1.347799263904619904e-01
1.590772851245583486e-01
1.723211369169690976e-01
1.736881508593080270e-01
1.646551757982550601e-01
1.473107984991837427e-01
1.248375602292779718e-01
1.009329590339132082e-01
7.982820141021548799e-02
6.447140904923871763e-02
5.657279486524566942e-02
5.633029673500251217e-02
6.336396866771479286e-02
7.662305219730258798e-02
9.323934523362073512e-02
1.104348502826534573e-01
1.251900229260589359e-01
1.355232199533484838e-01
1.403099363614253581e-01
1.393808868835347270e-01
1.333766341744966055e-01
1.237137429934486721e-01
1.123596082874691593e-01
1.012643227691297498e-01
9.209294681860361043e-02
8.601583169375720539e-02
8.363579987117780723e-02
8.494067436329300058e-02
8.932896872865041249e-02
9.576026315105692910e-02
1.030079476504403568e-01
1.098451470377592026e-01
1.152174850601485057e-01
1.184450816061842493e-01
1.192454154488953588e-01
1.177317234642975552e-01
1.143667418753594178e-01
1.098542228296691126e-01
1.049691860483486783e-01
1.004459355960315992e-01
9.686823318692668050e-02
9.460303768281051739e-02
9.376557898317816608e-02
9.422508211506848419e-02
9.566416791889495452e-02
9.765639316061501540e-02
9.973205429996298554e-02
1.014598078772574463e-01
1.025056919135782785e-01
1.026663769410322835e-01
