0.000000000000000000e+00
7.895048353721949297e-03
3.026747298177652479e-02
6.351383600354532089e-02
1.022417519260260255e-01
1.403443132190950737e-01
1.720565637958165750e-01
1.904936690878665240e-01
1.926174307792979379e-01
1.821543246103913549e-01
1.588059456903198052e-01
1.267155921523728523e-01
9.132747431793294957e-02
5.849774479638981950e-02
3.445715112529816604e-02
2.097614030764474724e-02
1.995112249589107295e-02
3.070292245982088331e-02
5.106684228163932415e-02
7.728875291758939559e-02
1.048027667483143049e-01
1.289680690687626530e-01
1.466368375144672387e-01
1.561808540986043825e-01
1.568894005213288534e-01
1.491907667441509933e-01
1.351353754698003951e-01
1.175876394887183513e-01
9.963369725121476450e-02
8.402962165938410166e-02
7.282387657506173007e-02
6.713356515705580507e-02
6.705096787861547503e-02
7.173748597721840703e-02
7.968156674330133249e-02
8.904679973413014149e-02
9.800983712858162000e-02
1.050276680951165303e-01
1.090318796254604594e-01
1.095452142668443679e-01
1.066814948357385218e-01
1.010430255983473941e-01
9.357120695226021911e-02
8.535292911175781927e-02
7.743377326927448900e-02
7.066055159344573899e-02
6.558456204923229782e-02
6.241872089875181995e-02
6.105283410125431076e-02
6.111140749731262811e-02
6.205998845759923277e-02
6.329814265402571027e-02
6.426852737549300365e-02
6.454062479467706503e-02
6.385209706804424734e-02
6.213037136672759642e-02
5.947760351856163502e-02
5.612618563668667071e-02
5.238929936986006647e-02
4.859312276518328727e-02
4.504734812109030540e-02
4.193312574199782594e-02
3.946515261646361267e-02
3.760663829530607599e-02
3.631971356978808130e-02
3.544054553225241960e-02
3.480079652271703128e-02
3.422983877489513965e-02
3.357695982926014316e-02
3.273498875893280508e-02
3.164378387053769226e-02
