-0.000000000000000000e+00
7.402140062706227125e-03
2.666085507666599366e-02
5.257586810134608213e-02
7.973363407336776787e-02
1.034127070229079320e-01
1.202532767969042155e-01
1.280460792473442633e-01
1.266274905234990866e-01
1.173276632301899491e-01
1.023351080424085846e-01
8.436809249861362825e-02
6.617763165887545485e-02
5.012614462377764507e-02
3.788768140184265582e-02
3.030405495370923699e-02
2.739483013411087714e-02
2.845153845981512192e-02
3.231562123267749109e-02
3.759524839447953709e-02
4.292549027882068546e-02
4.716177384437361675e-02
4.955311100222598020e-02
4.977983479611761131e-02
4.789648748918078069e-02
4.426504935689865722e-02
3.947101477747101683e-02
3.419243134096203174e-02
2.907728543238530597e-02
2.464925762885466706e-02
2.125021144181828830e-02
1.901949656800309973e-02
1.790463822419577702e-02
1.770018449246922587e-02
1.810512131834056751e-02
1.878613272968079895e-02
1.943381192300438348e-02
1.980451945284767562e-02
1.974481739108013487e-02
1.919913819992151438e-02
1.820168164997962995e-02
1.685564988792447039e-02
1.530577121203161896e-02
1.370910724910767362e-02
1.220886319869911828e-02
1.091483167505910047e-02
9.892247674215036077e-03
9.159116101118766270e-03
8.691142882226006450e-03
8.432359887526792025e-03
8.308711490708765163e-03
8.242093732218238114e-03
8.162703801152845773e-03
8.018032382911943062e-03
7.777692307674602921e-03
7.434157583251732766e-03
6.999930033580343929e-03
6.502185664793607052e-03
5.976121282748481783e-03
5.458137875335316441e-03
4.979980369176201932e-03
4.564573508400775192e-03
4.223883308455499315e-03
3.958771660588143899e-03
3.760567779677525483e-03
3.613833790349531370e-03
3.499694510910270930e-03
3.399162037355478363e-03
3.295905600188683057e-03
3.178258282054233046e-03
3.040107996506618334e-03
