-0.000000000000000000e+00
6.519531872470301151e-03
2.072772628637466197e-02
3.619878075072298362e-02
4.883612253892122279e-02
5.656427767582682120e-02
5.906254597772819803e-02
5.694033259679428388e-02
5.160607984289702216e-02
4.435644580984220847e-02
3.644497205840491194e-02
2.883022407259719366e-02
2.215498574861617803e-02
1.673763222867921327e-02
1.263398852993714329e-02
9.721413162029185137e-03
7.776618465771751795e-03
6.541065624706946316e-03
5.768847922055264296e-03
5.255895946741725826e-03
4.853496173007085766e-03
4.468817443839269085e-03
4.056442606572546912e-03
3.606093386797114188e-03
3.129823436916245264e-03
2.650569774841461147e-03
2.193200077077864674e-03
1.778575358347268430e-03
1.420470368620681354e-03
1.124836787152529074e-03
8.906816164445242705e-04
7.118446146013023565e-04
5.790843138287870683e-04
4.820174569963189370e-04
4.106670986263184059e-04
3.564895643429182980e-04
3.128978807556696460e-04
2.753757403566571777e-04
2.411942019715573393e-04
2.090760119044242664e-04
1.787378536838691396e-04
1.504642539005072554e-04
1.248031450766559202e-04
1.021738706339233530e-04
8.280557560935921269e-05
6.673080091889416015e-05
5.376492285818605812e-05
4.372809503847883516e-05
3.663715467497831224e-05
3.099486057186168463e-05
2.807503466657005475e-05
2.650718120295305212e-05
2.522073270118590311e-05
2.374599001167729647e-05
2.196791025451828370e-05
1.993025093379831436e-05
1.773758708511780435e-05
1.550666950721711206e-05
1.334164844425010284e-05
1.132232219462053447e-05
9.500475916740555205e-06
2.039883343743057581e-27
1.663079066710298896e-27
1.349839804392900528e-27
1.123387714855960415e-27
1.020589928648912738e-27
9.127642981734281569e-28
8.185597715418756852e-28
7.987060099405404680e-28
8.208522314953068597e-28
7.986364658057471524e-28
