-0.000000000000000000e+00
7.877335664356423239e-03
3.017232869607081036e-02
6.319314995787925215e-02
1.015858812566425573e-01
1.392784948307033144e-01
1.703847293209434510e-01
1.900589585329172659e-01
1.954679875236560727e-01
1.861498314216219752e-01
1.638767127196984474e-01
1.324071594884776992e-01
9.689084175819462352e-02
6.295423684169665357e-02
3.577400815424441882e-02
1.947201954219346734e-02
1.617101771711141472e-02
2.585113550049385894e-02
4.646762107890827637e-02
7.430401802436607805e-02
1.046363851386274968e-01
1.326820590132100908e-01
1.541763580118051535e-01
1.661524750854039556e-01
1.673504091255480775e-01
1.582295104602716163e-01
1.409299981483851105e-01
1.180863478474987321e-01
9.387321015385416412e-02
7.220151174986044751e-02
5.617119526381243733e-02
4.787716703855759981e-02
4.806293150528245794e-02
5.606653931587350648e-02
6.999878834631942381e-02
8.720281050422150348e-02
1.047914289838975110e-01
1.199543841253338239e-01
1.306034798757524373e-01
1.356829932725510390e-01
1.347490156703218811e-01
1.283157990206611476e-01
1.179574517022831531e-01
1.056833611400384010e-01
9.358266591617318830e-02
8.349388982863800712e-02
7.679389146341390748e-02
7.423721357344781335e-02
7.580226445118029566e-02
8.072492981315237959e-02
8.799450631106763010e-02
9.625194887470463201e-02
1.041503335775159356e-01
1.105923690443604279e-01
1.144350332607851073e-01
1.154129190139191741e-01
1.136283920987707918e-01
1.097136973457854686e-01
1.045237746227112019e-01
9.892810753397801582e-02
9.381865956875494461e-02
8.996133103736043968e-02
8.791833766292098118e-02
8.772135384823197268e-02
8.920340721438246856e-02
9.196898685778924498e-02
9.552944972344096231e-02
9.939417740484630948e-02
1.028574798706013427e-01
1.051093180251485015e-01
1.062224196427429684e-01
