-0.000000000000000000e+00
7.170764696059092787e-03
2.503000158112020368e-02
4.787270291061990202e-02
7.048050651223411456e-02
8.883160595956429706e-02
1.004690616070621906e-01
1.044787360829007722e-01
1.013318567858849245e-01
9.238181019160932039e-02
7.974069465261209022e-02
6.558098067798505404e-02
5.185491835405934419e-02
4.004656815960648542e-02
3.104920054539106813e-02
2.516376772676470405e-02
2.218434624893278126e-02
2.154014211119982883e-02
2.245478660716824365e-02
2.410523853104848055e-02
2.575217603569291899e-02
2.685025143300430461e-02
2.707700828108477661e-02
2.633097700694878376e-02
2.469307550617579408e-02
2.237475825989798314e-02
1.967229171744145494e-02
1.688422369649745375e-02
1.426997615499797992e-02
1.202082128196848947e-02
1.024455938264713650e-02
8.965962117274269352e-03
8.139922763196562328e-03
7.672457091534086449e-03
7.444736048860479440e-03
7.335814090053332376e-03
7.240800521841100207e-03
7.082362464000739773e-03
6.816038656379808970e-03
6.429638437335192039e-03
5.937564861955680652e-03
5.372563295482861608e-03
4.776632832372097737e-03
4.192266763535646215e-03
3.655586274897721071e-03
3.191941150557041449e-03
2.814046149018911962e-03
2.522401280722768018e-03
2.307482632745589454e-03
2.153013351690311050e-03
2.039605361921470982e-03
1.948134081138628822e-03
1.862368941661310005e-03
1.770624310357936989e-03
1.666442008495139021e-03
1.548361565567955584e-03
1.418947162509714499e-03
1.283454842241400383e-03
1.148344383214665440e-03
1.019988884293462341e-03
9.036158663245828998e-04
8.026053569981135430e-04
7.183317077066337514e-04
6.502481440516352839e-04
5.962755465857078529e-04
5.534094357213250551e-04
5.182421743290955684e-04
4.875292962351611306e-04
4.585926833674716218e-04
4.295726701573131332e-04
3.994696706374653811e-04
