-0.000000000000000000e+00
7.703393150595585701e-03
2.886060422322276817e-02
5.915088849220026535e-02
9.311512253012531326e-02
1.251467410895521215e-01
1.504060526325143865e-01
1.654775614548740503e-01
1.687386193024869585e-01
1.604547188187946949e-01
1.414026206340952274e-01
1.160374292501103188e-01
8.859650367682411765e-02
6.332754668418559552e-02
4.368940470573442342e-02
3.197136871130087238e-02
2.918244435904141995e-02
3.479849148167163397e-02
4.704139387592573551e-02
6.323935475505770842e-02
8.034683300606088041e-02
9.544957847179898203e-02
1.061832717611373295e-01
1.111464512694409351e-01
1.102304333728231084e-01
1.038807851290897838e-01
9.324907602447925214e-02
8.030713283330349894e-02
6.709147362211967391e-02
5.551294269272875892e-02
4.703559110120605208e-02
4.248131362134104083e-02
4.191258385646992601e-02
4.483798166776111621e-02
5.028214852792935868e-02
5.697942544523030423e-02
6.347941261776048061e-02
6.867779719999927979e-02
7.193670953588970907e-02
7.277774410148249440e-02
7.120944012231369968e-02
6.758784543544900381e-02
6.253337731413241563e-02
5.687720888254470947e-02
5.142586595530133226e-02
4.684392480480500248e-02
4.358418309782186029e-02
4.183447174776133010e-02
4.155517601191856258e-02
4.247207591387867215e-02
4.415674145922506011e-02
4.611619608916254359e-02
4.789365617138244269e-02
4.912483409962661862e-02
4.956511275785358689e-02
4.911992741846136351e-02
4.784509648689759531e-02
4.592428601488807854e-02
4.361073169369845959e-02
4.119844855243275095e-02
3.895598068983190804e-02
3.709115144579564621e-02
3.572844560980625861e-02
3.490254876810185841e-02
3.456560238440779809e-02
3.460140509564790107e-02
3.485040503374180199e-02
3.514061414450454085e-02
3.532058780733941805e-02
3.527846226643652217e-02
3.494960550254289783e-02
