-0.000000000000000000e+00
7.641984582710086883e-03
2.840520079297672446e-02
5.776798587119654632e-02
9.026067196791229263e-02
1.204546072021516895e-01
1.437574079180370945e-01
1.567994639783266142e-01
1.582601705464634911e-01
1.488852927131309734e-01
1.308308741651232621e-01
1.073951185162999034e-01
8.239671491162409156e-02
5.953130072880587903e-02
4.183692232829949037e-02
3.131639132997504626e-02
2.857451572007520604e-02
3.299641870031522900e-02
4.294161967719882511e-02
5.604910386694685054e-02
6.968666399572946701e-02
8.146139050091198708e-02
8.965144787568715690e-02
9.321772020501349620e-02
9.190701211231844248e-02
8.625869288775139809e-02
7.738975786978732896e-02
6.681562477903890684e-02
5.614364269314246064e-02
4.682758105854275404e-02
3.992767326531553029e-02
3.601551682800494675e-02
3.512303712484314555e-02
3.683476736220722692e-02
4.039311737072968228e-02
4.483014986834601978e-02
4.920099463502429493e-02
5.266344365948889827e-02
5.463831823353990091e-02
5.484976626265827132e-02
5.332711802090752545e-02
5.036515023338353908e-02
4.644462731563775426e-02
4.213824407805927263e-02
3.800313717654411894e-02
3.449837317724782637e-02
3.192967396374062072e-02
3.042519153303806234e-02
2.993664012707054206e-02
3.026807746263043830e-02
3.112680799142316518e-02
3.218213502683243965e-02
3.311991750773878029e-02
3.368795351253497938e-02
3.372854110589288551e-02
3.318783981240774894e-02
3.211015514554334260e-02
3.061911389262907124e-02
2.888876924459853404e-02
2.710796682628722684e-02
2.545026537255214855e-02
2.404929351294477630e-02
2.298435488914829170e-02
2.227521947844474798e-02
2.188630659613462204e-02
2.174043058114460275e-02
2.173623804986705293e-02
2.176608709642373699e-02
2.173345810505334166e-02
2.156596703730887660e-02
2.122277983796586401e-02
